1: 4 6 11 12 13 13 18 23 23 24 27 

2: 6 7 9 9 12 15 16 17 20 22 25 26 27 28 29 

3: 4 5 7 8 14 14 19 25 29 

4: 1 3 7 11 12 14 15 16 17 18 19 19 25 29 

5: 3 7 9 10 11 14 14 15 18 19 20 21 24 25 28 28 30 

6: 1 2 10 11 14 17 18 20 23 26 26 27 29 

7: 2 3 4 5 8 12 14 15 18 21 24 27 28 28 30 

8: 3 7 10 10 12 14 16 18 20 21 22 24 28 

9: 2 5 12 13 14 15 15 17 18 19 20 21 22 25 27 28 29 30 

10: 5 6 8 16 17 19 20 20 24 25 26 28 

11: 1 4 5 6 12 13 14 16 16 19 22 23 28 

12: 1 2 4 7 8 8 9 11 15 16 20 22 24 25 28 

13: 1 9 11 14 18 20 20 21 23 24 25 26 28 29 30 30 30 

14: 3 4 5 6 7 8 9 11 13 13 15 16 17 18 20 21 22 27 28 30 

15: 2 4 5 7 9 9 12 14 17 19 23 24 25 27 27 28 29 

16: 2 4 8 10 11 11 12 14 18 21 23 24 27 28 

17: 2 4 6 9 10 14 15 19 19 20 21 23 25 27 28 29 29 30 

18: 1 4 5 6 7 8 9 13 14 16 20 21 23 23 24 26 29 30 

19: 3 4 5 9 10 11 15 17 17 23 24 26 26 29 30 

20: 2 5 6 8 9 10 12 13 13 14 17 18 18 21 23 24 28 30 

21: 5 7 7 8 9 13 14 16 17 18 20 21 21 22 23 25 28 29 

22: 2 8 9 11 12 14 21 23 25 27 27 30 

23: 1 1 6 11 13 15 16 17 18 18 19 20 21 22 24 25 27 29 30 

24: 1 5 7 8 10 12 13 13 15 16 18 19 20 23 27 28 29 

25: 2 3 4 5 9 10 12 13 15 17 17 21 22 23 28 30 

26: 2 6 6 10 13 18 19 29 

27: 1 2 6 7 7 9 14 15 15 16 17 22 23 24 

28: 2 5 5 7 7 8 9 10 11 12 13 14 15 16 17 20 21 24 25 

29: 2 3 4 6 9 13 15 17 17 18 19 21 23 24 26 

30: 5 7 9 13 13 13 14 17 18 19 20 22 23 25 


